[power]
ccode = 	if( time< 95.000000  ) return 0.000000;	else if( time< 140.000000  ) return 4.000000;	else if( time< 230.000000  ) return 0.000000;	else if( time< 390.000000  ) return 9.000000;	else if( time< 595.000000  ) return 0.000000;
history = [[19, 28, 46, 78, 119],[0.0, 4.0, 0.0, 9.0, 0.0]]

[mrti]
deltat = 5.0
maxheat = 78
quality = 0
voi = [110, 170, 70, 120, 0, 0]

