[power]
power[19] = 0.000000
power[28] = 4.000000
power[46] = 0.000000
power[78] = 9.000000
power[119] = 0.000000

