[power]
ccode = 	if( time< 35.000000  ) return 0.000000;	else if( time< 65.000000  ) return 3.000000;	else if( time< 145.000000  ) return 0.000000;
history = [[7, 13, 29],[0, 3, 0]]

[mrti]
deltat = 5.0
quality = -1
voi = [110, 170, 70, 120, 0, 0]
cooling = [13, 29]
heating = [0, 0]
fulltime = [0, 29]

