[power]
ccode = 	if( time< 75.000000  ) return 0.000000;	else if( time< 305.000000  ) return 4.000000;	else if( time< 350.000000  ) return 0.000000;
history = [[15, 61, 70],[0.0, 4.0, 0.0, 9.0, 0.0]]

[mrti]
deltat = 5.0
maxheat = 60
quality = 1
voi = [80, 130, 100, 150, 0, 0]

