[power]
ccode = 	if( time< 125.000000  ) return 0.000000;	else if( time< 155.000000  ) return 3.000000;	else if( time< 290.000000  ) return 10.050000;	else if( time< 295.000000  ) return 10.650000;	else if( time< 315.000000  ) return 10.350000;	else if( time< 345.000000  ) return 0.000000;
history = [[25, 31, 58, 59, 63, 69],[0, 3, 10.05, 10.65, 10.35, 0]]

[mrti]
deltat = 5.0
quality = 0
voi = [110, 170, 70, 120, 0, 0]
cooling = [63, 69]
heating = [0, 0]
fulltime = [0, 69]

