[power]
ccode = 	if( time< 35.000000  ) return 0.000000;	else if( time< 235.000000  ) return 14.550000;	else if( time< 255.000000  ) return 0.000000;	else if( time< 455.000000  ) return 14.550000;	else if( time< 555.000000  ) return 0.000000;	else if( time< 735.000000  ) return 14.550000;	else if( time< 775.000000  ) return 0.000000;
history = [[7, 47, 51, 91, 111, 147, 155],[0, 14.55, 0, 14.55, 0, 14.55, 0]]

[mrti]
deltat = 5.0
quality = 0
voi = [110, 170, 70, 120, 0, 0]
cooling = [0, 0]
heating = [0, 0]
fulltime = [0, 155]

