[power]
power[36] = 0.000000
power[42] = 3.000000
power[49] = 0.000000
power[142] = 12.000000
power[160] = 0.000000

