[power]
ccode = 	if( time< 180.000000  ) return 0.000000;	else if( time< 210.000000  ) return 3.000000;	else if( time< 245.000000  ) return 0.000000;	else if( time< 710.000000  ) return 12.000000;	else if( time< 800.000000  ) return 0.000000;
history = [[36, 42, 49, 142, 160],[0.0, 3.0, 0.0, 12.0, 0.0]]

[mrti]
deltat = 5.0
maxheat = 138
quality = 1
voi = [100, 140, 125, 170, 0, 0]

